0 0 0.5158052296875 0.0355459453125 0.85400230625 0.052428890625 0.8586528109374999 0.061489995312500004 0.851275478125 0.0688813171875 0.8280112125000001 0.064715571875 0.80917413125 0.0695318015625 0.7926054921875 0.0943774171875 0.7482317890625 0.1705840546875 0.63099760625 0.1915361828125 0.622370475 0.2089904796875 0.6012610375 0.21330577343749998 0.57992631875 0.207812915625 0.5692599375 0.20863909375 0.5563231562500001 0.2161182609375 0.5442933625 0.2121986265625 0.517399196875 0.195139990625 0.490279753125 0.16503019531250002 0.4741695015625 0.112808140625 0.4764457734375 0.062326284375 0.46408295468749994 0.021415184375 0.46998912812500004 0 0.49588891406249996 0 0.5158052296875
0 0.5129197359375001 0.37335510625 0.47643792031250004 0.4318017703125 0.42683453125000004 0.5317836484375 0.419601475 0.5357563609375 0.40471355468750003 0.5292899281250001 0.401971484375 0.5343968609374999 0.401725375 0.54245394375 0.4137920890625 0.5636730859375 0.379981928125 0.647538840625 0.374260390625 0.6866900359375 0.39191652499999996 0.7506902765625 0.41496023906249996 0.772361934375 0.4746788921875 0.7998163578125 0.49089392343749993 0.7981120890625 0.529221215625 0.778021296875 0.5486705374999999 0.755095928125 0.55696716875 0.7092491062499999 0.5876925875000001 0.6064326531249999 0.6252554046875 0.5478723703124999 0.6335433203124999 0.4811453015625 0.6266972078124999 0.4160088828125 0.60922548125 0.3953578296875 0.6019837078125 0.3784502953125 0.5777798609375 0.36653803281249997 0.533036971875 0.35678451093749997 0.5129197359375001 0.37335510625
0 0.3792188515625 0.21393336562499998 0.375571471875 0.24162285468750003 0.37709170625 0.2976815859375 0.38707555 0.3094821875 0.4063666078125 0.30584837187499997 0.439798540625 0.31197199375 0.46325534375000005 0.3271752609375 0.47173638125000006 0.32467762499999997 0.47696569999999994 0.3016405953125 0.4881009625 0.28280155625000003 0.5299086546875 0.233432578125 0.5282301578124999 0.1966654015625 0.5214893203125001 0.184523946875 0.483065465625 0.172500021875 0.4454765046875 0.168419565625 0.422028415625 0.174096546875 0.3792188515625 0.21393336562499998
0 0.6778041 0.13275725 0.686293853125 0.1511398578125 0.68273431875 0.1900638203125 0.6879019359375 0.21843306093749998 0.7278198796875001 0.22387497500000003 0.7394647921875 0.23068226093750002 0.762165834375 0.2282962859375 0.7771858734375 0.152830425 0.7776606640625 0.094955765625 0.772660028125 0.0681752171875 0.7162722265625 0.051614409375 0.7044690515625 0.0640986765625 0.696743771875 0.0841855546875 0.6901082125 0.1250390609375 0.6778041 0.13275725
0 0.54390939375 0.10667406718750001 0.596632384375 0.109163875 0.604858596875 0.0938430765625 0.6231477875 0.08067710156249999 0.61980821875 0.0489032390625 0.5975993953125001 0.0351750484375 0.5583493640625 0.03608790625 0.5350769703125 0.0642338265625 0.5351735296875 0.0963485421875 0.54390939375 0.10667406718750001
0 0.76966313125 0.060458987500000005 0.7788912156250001 0.0546703484375 0.78238033125 0.0462724109375 0.776878759375 0.014725784375 0.760074946875 0.000429503125 0.746188896875 0.0034952296874999995 0.735466725 0.015865878125 0.7355632859375001 0.04798059375 0.76966313125 0.060458987500000005
1 0.34753513593749996 0.4116188921875 0.3443799765625 0.42319421406249996 0.34930148125 0.45962053750000004 0.3547943375 0.47028691875 0.3703501703125 0.48310812500000005 0.377917184375 0.4823128 0.413484975 0.425568446875 0.4286981359375 0.41433201875 0.426852659375 0.3759761484375 0.420691890625 0.3589549953125 0.3906612265625 0.33319896718750003 0.367547096875 0.3420533328125 0.3624143390625 0.397205078125 0.34753513593749996 0.4116188921875
1 0.20675805937499997 0.6320142953125 0.2166714859375 0.6743409203125 0.23514508125 0.7045241328125 0.2388098921875 0.718595134375 0.24845977812500003 0.72721835 0.2603508 0.725968553125 0.28453721875000004 0.696120321875 0.3175212046875 0.6251913484375 0.314348615625 0.5950061796874999 0.3026158546875 0.576964425 0.255051765625 0.5819636109374999 0.2345918578125 0.5744765734375 0.2284398015625 0.5783356687500001 0.20675805937499997 0.6320142953125
1 0.052014975 1 0.069355409375 0.9677045468750001 0.07134171875 0.945008371875 0.1040883078125 0.903016728125 0.105494553125 0.8852002499999999 0.101249675 0.8760089453125 0.08012185468750001 0.8621671359375 0.036213859375000004 0.8603570796875 0.050890921874999995 1 0.052014975 1
1 0.6604027921875 0.0815801734375 0.6574763124999999 0.043337918749999996 0.64749246875 0.03153731875 0.63410735625 0.0393691234375 0.63712168125 0.0888458453125 0.6484326359375 0.092475746875 0.6604027921875 0.0815801734375
1 0.707529753125 0 0.7049438421875001 0.006224015625 0.7117812406249999 0.050480187499999996 0.72175636875 0.041400543750000005 0.7179158671875 0.0048606015625 0.71136351875 0 0.707529753125 0