0 1 0.522417778125 0.9967136203125 0.4283081734375 0.9697505546875 0.403675059375 0.9284156171875001 0.40352008906250003 0.8801456203125 0.422788309375 0.828114990625 0.4278020953125 0.8005403359375001 0.44794603750000006 0.787422009375 0.477175659375 0.7872834656250001 0.5043536 0.7963640703125 0.5152254234375 0.798982659375 0.527921321875 0.79502773125 0.53924835625 0.8022702484374999 0.559774875 0.822492546875 0.578249709375 0.844441434375 0.5838769078125 0.936222278125 0.6893642609375 0.967001725 0.72984828125 0.9740769921875 0.7455853875 0.972573403125 0.76481890625 0.9831305531250001 0.786828090625 0.9931302015625001 0.7928725671875 1 0.7898996656249999 1 0.522417778125
0 0.639383503125 0.629399715625 0.5942305218749999 0.5510556015625 0.6032266703125 0.5283636 0.6018616265625 0.5204191796875001 0.59843549375 0.5157435703125001 0.584592415625 0.5242190703125 0.57687685625 0.5212916671875 0.5138414171875 0.4291862625 0.4695804359375 0.3763856859375 0.447352796875 0.36277613125 0.40440277187499996 0.378661740625 0.38209234062499997 0.3938265984375 0.37727411875 0.4115774484375 0.362846496875 0.43445912187499997 0.365132246875 0.49991443125 0.38262611875 0.5648386624999999 0.42797339375 0.61760130625 0.472709078125 0.7151410046875 0.4873056125 0.75938698125 0.5097562484375 0.7793824203125 0.550506640625 0.7939435625 0.56680105625 0.7933745484375 0.6221176140625 0.7578760796874999 0.64192095625 0.7332082625 0.6504981515625 0.6673736109374999 0.639383503125 0.629399715625
0 0.5318557765625 0.16641666875 0.5078458 0.1640582796875 0.471190540625 0.1733303984375 0.43481403125 0.1905848734375 0.42982855937500003 0.20354631093750003 0.4332833984375 0.240189275 0.48155505625000006 0.2832592890625 0.4952038390625 0.3003652609375 0.5035884 0.3224503140625 0.5123345046875001 0.3237433109375 0.5334471421875 0.305423446875 0.565701475 0.2947065921875 0.5853105234375 0.2956202484375 0.593554878125 0.28254500625 0.58725845 0.226820259375 0.579792934375 0.199907859375 0.5318557765625 0.16641666875
0 0.2368550890625 0.0967974296875 0.22342930625 0.08607734375000001 0.16989508749999999 0.1103246484375 0.1686702484375 0.1375405234375 0.1771950140625 0.1947858734375 0.20257169687499998 0.26742691875 0.225383878125 0.2666303 0.235968071875 0.258268603125 0.27474016875 0.2473241453125 0.275909259375 0.2185118 0.2669671984375 0.180462034375 0.272815965625 0.16107677812500001 0.25955743125 0.1551461046875 0.2473007390625 0.1156136734375 0.2368550890625 0.0967974296875
0 0.34991415937500003 0.1264160953125 0.4017775390625 0.1166128953125 0.4089913515625 0.105172059375 0.40461746718749997 0.07335644375 0.377654403125 0.048723328125 0.3386593046875 0.053281903124999995 0.3185772109375 0.06996736406250001 0.3196922109375 0.1018967828125 0.3396357609375 0.11238926406250001 0.34991415937500003 0.1264160953125
0 0.2038202578125 0.0851636890625 0.1994463734375 0.053348071875 0.18710688749999999 0.042590051562499995 0.172929309375 0.0414867265625 0.1582786890625 0.057982514062500004 0.1572210984375 0.089987803125 0.1618450265625 0.09781842187499999 0.1717889265625 0.10226642500000001 0.2038202578125 0.0851636890625
1 0.55890661875 0.3492900796875 0.5551746921875 0.36700299687500004 0.5586852796875 0.40524243125000003 0.575314196875 0.41425224531250004 0.61843313125 0.4654942859375 0.6260371921875 0.465228746875 0.6396572703125 0.45036736250000003 0.643612196875 0.43904032812500005 0.6434162406249999 0.4022835609375 0.6386808140625 0.39126000156249996 0.6219403984375 0.3790572484375 0.609181953125 0.325156578125 0.5850604781250001 0.319605246875 0.55890661875 0.3492900796875
1 0.7061745937499999 0.5487448484375 0.69706694375 0.5682439078125 0.6981261921875 0.5985768546875 0.7406605859375001 0.66422506875 0.76876569375 0.6904167203125 0.7807149328125 0.68999944375 0.7890707875 0.68011714375 0.7907416265625 0.6656730375000001 0.804834746875 0.6332125390625001 0.8087609703125 0.5899181515625 0.7798196109375 0.5397794359375 0.77319034375 0.5368140984374999 0.7539715453125 0.5470757421875 0.7061745937499999 0.5487448484375
1 1 0.7940265984375 0.9661958437499999 0.8002068078125 0.9472000453125 0.8168543328125001 0.9442756609374999 0.8265469609375 0.9481477937499999 0.843994340625 0.986419803125 0.8810198781249999 0.9915454796875001 0.9032187359374999 1 0.9147565359375 1 0.7940265984375
1 0.28050115781249996 0.069698590625 0.28292545156250004 0.107975959375 0.2962954859375 0.11709957499999998 0.306991178125 0.11193081875 0.303090340625 0.0625160890625 0.28874551406250004 0.056623349999999996 0.28050115781249996 0.069698590625
1 0.227718734375 0.0843291359375 0.22833032343749998 0.039552079687500005 0.22370639531249997 0.0317214625 0.215294790625 0.040007290625000004 0.216577040625 0.0767261234375 0.227718734375 0.0843291359375