0 0.7934782609375 0.5495207671875 0.8 0.570287540625 0.8195652171875001 0.5894568687499999 0.8413043484375 0.5958466453125 0.9293478265624999 0.70447284375 0.9586956515624999 0.7460063890625 0.9652173906250001 0.76198083125 0.9630434781250001 0.781150159375 0.9728260875 0.8035143765624999 0.9826086953125 0.809904153125 0.99891304375 0.8035143765624999 0.99891304375 0.4456869015625 0.9728260875 0.42012779531250005 0.9315217390624999 0.41853035156249996 0.8826086953125 0.4361022359375 0.8304347828124999 0.43929712500000007 0.8021739125 0.45846645312499995 0.788043478125 0.487220446875 0.786956521875 0.514376996875 0.7956521734375 0.5255591046875 0.7978260875000001 0.5383386578125 0.7934782609375 0.5495207671875
0 0.465217390625 0.7140575078125 0.4782608703125 0.7587859421875 0.5 0.7795527156250001 0.540217390625 0.79552715625 0.5565217390625 0.79552715625 0.613043478125 0.76198083125 0.6336956515625001 0.73801916875 0.6445652171875 0.6725239609375 0.634782609375 0.634185303125 0.5923913046875 0.5543130984375 0.6021739125 0.5319488812500001 0.60108695625 0.5239616609375 0.5978260875 0.5191693296875 0.5836956515625 0.5271565500000001 0.57608695625 0.5239616609375 0.5163043484375 0.429712459375 0.47391304375 0.37539936093750004 0.4521739125 0.3610223640625 0.40869565156250004 0.37539936093750004 0.385869565625 0.38977635781250003 0.3804347828125 0.4073482421875 0.36521739062499997 0.429712459375 0.36521739062499997 0.4952076671875 0.3804347828125 0.5607028749999999 0.42391304375 0.615015975 0.465217390625 0.7140575078125
0 0.509782609375 0.32268370625 0.5184782609374999 0.32428115 0.540217390625 0.306709265625 0.5728260875 0.29712459999999996 0.5923913046875 0.2987220453125 0.60108695625 0.2859424921875 0.5967391296875 0.23003194843750002 0.590217390625 0.2028754 0.5434782609375 0.1677316296875 0.5195652171875 0.164536740625 0.48260869531250006 0.1725239609375 0.4456521734375 0.188498403125 0.440217390625 0.2012779546875 0.4423913046875 0.23801916875 0.489130434375 0.28274760312499997 0.5021739125 0.3003194890625 0.509782609375 0.32268370625
0 0.2336956515625 0.2571884984375 0.2445652171875 0.249201278125 0.2836956515625 0.2396166140625 0.285869565625 0.2108626203125 0.2782608703125 0.1725239609375 0.284782609375 0.1533546328125 0.27173912968749997 0.14696485625 0.260869565625 0.10702875468749999 0.25108695625 0.087859425 0.23804347812499999 0.07667731562499999 0.1836956515625 0.0990415328125 0.1815217390625 0.1261980828125 0.188043478125 0.1837060703125 0.210869565625 0.2571884984375 0.2336956515625 0.2571884984375
0 0.41521739062499996 0.11341852968749999 0.4228260875 0.102236421875 0.41956521718750006 0.070287540625 0.3934782609375 0.044728434375 0.3543478265625 0.0479233234375 0.3336956515625 0.0638977640625 0.3336956515625 0.0958466453125 0.35326087031250003 0.10702875468749999 0.363043478125 0.1214057515625 0.41521739062499996 0.11341852968749999
0 0.2184782609375 0.07507987187500001 0.21521739062499998 0.043130990625 0.2032608703125 0.03194888125 0.189130434375 0.0303514375 0.17391304375 0.046325878125 0.1717391296875 0.0782747609375 0.17608695624999998 0.08626198125 0.185869565625 0.0910543125 0.2184782609375 0.07507987187500001
1 0.6271739125 0.46964856250000003 0.6413043484375 0.45527156562500004 0.6456521734375 0.44408945624999996 0.6467391296875 0.4073482421875 0.6423913046874999 0.396166134375 0.62608695625 0.38338658125 0.615217390625 0.32907348281250004 0.5913043484375 0.32268370625 0.564130434375 0.3514377 0.559782609375 0.369009584375 0.561956521875 0.4073482421875 0.5782608703125 0.41693290781250003 0.6195652171875 0.46964856250000003 0.6271739125 0.46964856250000003
1 0.77391304375 0.6996805109374999 0.7826086953125 0.690095846875 0.784782609375 0.67571885 0.8 0.64376996875 0.8054347828124999 0.600638978125 0.7782608703125 0.5495207671875 0.7717391296875 0.546325878125 0.7521739125 0.55591054375 0.7043478265625 0.55591054375 0.6945652171875001 0.575079871875 0.6945652171875001 0.605431309375 0.7347826093750001 0.6725239609375 0.761956521875 0.6996805109374999 0.77391304375 0.6996805109374999
1 0.9771739125 0.9201277953125 0.99891304375 0.9520766765625 0.99891304375 0.809904153125 0.9554347828124999 0.8162939296875 0.9358695656249999 0.8322683703125 0.9326086953124999 0.8418530343749999 0.9358695656249999 0.8594249203125001 0.9728260875 0.897763578125 0.9771739125 0.9201277953125
1 0.3184782609375 0.05591054375 0.30434782656250003 0.049520767187499995 0.2956521734375 0.06230031875000001 0.2967391296875 0.100638978125 0.309782609375 0.1102236421875 0.32065217343749997 0.105431309375 0.3184782609375 0.05591054375
1 0.24021739062499997 0.0223642171875 0.2315217390625 0.0303514375 0.2315217390625 0.06709265156250001 0.2423913046875 0.07507987187500001 0.2445652171875 0.0303514375 0.24021739062499997 0.0223642171875